0 0
10.0198 2048
10.0335 4096
10.0471 6144
10.0608 8192
10.0744 10240
10.0881 12288
10.1017 14336
10.1154 16384
10.129 18432
10.1427 20480
10.1563 22528
10.17 24576
10.1836 26624
10.1973 28672
10.211 30720
10.2246 32768
10.2383 34816
10.2519 36864
10.2656 38912
10.2792 40960
10.2929 43008
10.3065 45056
10.3202 47104
10.3338 49152
10.3475 51200
10.3611 53248
10.3748 55296
10.3885 57344
10.4021 59392
10.4158 61440
10.4294 63488
10.4431 65536
10.4567 67584
10.4704 69632
10.484 71680
10.4977 73728
10.5113 75776
10.525 77824
10.5386 79872
10.5523 81920
10.5659 83968
10.5796 86016
10.5932 88064
10.6069 90112
10.6206 92160
10.6342 94208
10.6479 96256
10.6615 98304
10.6752 100352
10.6888 102400
10.7025 104448
10.7161 106496
10.7298 108544
10.7434 110592
10.7571 112640
10.7707 114688
10.7844 116736
10.798 118784
10.8117 120832
10.8254 122880
10.839 124928
10.8527 126976
10.8663 129024
10.88 131072
10.8936 133120
10.9073 135168
10.9209 137216
10.9346 139264
10.9482 141312
10.9619 143360
10.9755 145408
10.9892 147456
11.0028 149504
11.0165 151552
11.0302 153600
11.0438 155648
11.0575 157696
11.0711 159744
11.0848 161792
11.0984 163840
11.1121 165888
11.1257 167936
11.1394 169984
11.153 172032
11.1667 174080
11.1803 176128
11.194 178176
11.2077 180224
11.2213 182272
11.235 184320
11.2486 186368
11.2623 188416
11.2759 190464
11.2896 192512
11.3032 194560
11.3169 196608
11.3305 198656
11.3442 200704
11.3578 202752
11.3715 204800
11.3851 206848
11.3988 208896
11.4124 210944
11.4261 212992
11.4398 215040
11.4534 217088
11.4671 219136
11.4807 221184
11.4944 223232
11.508 225280
11.5217 227328
11.5353 229376
11.549 231424
11.5626 233472
11.5763 235520
11.5899 237568
11.6036 239616
11.6172 241664
11.6309 243712
11.6446 245760
11.6582 247808
11.6719 249856
11.6855 251904
11.6992 253952
11.7128 256000
11.7265 258048
11.7401 260096
11.7538 262144
11.7674 264192
11.7811 266240
11.7947 268288
11.8084 270336
11.822 272384
11.8357 274432
11.8494 276480
11.863 278528
11.8767 280576
11.8903 282624
11.904 284672
11.9176 286720
11.9313 288768
11.9449 290816
11.9586 292864
11.9722 294912
11.9859 296960
11.9995 299008
12.0132 301056
12.0268 303104
12.0405 305152
12.0542 307200
12.0678 309248
12.0815 311296
12.0951 313344
12.1088 315392
12.1224 317440
12.1361 319488
12.1497 321536
12.1634 323584
12.177 325632
12.1907 327680
12.2043 329728
12.218 331776
12.2316 333824
12.2453 335872
12.259 337920
12.2726 339968
12.2863 342016
12.2999 344064
12.3136 346112
12.3272 348160
12.3409 350208
12.3545 352256
12.3682 354304
12.3818 356352
12.3955 358400
12.4091 360448
12.4228 362496
12.4364 364544
12.4501 366592
12.4638 368640
12.4774 370688
12.4911 372736
12.5047 374784
12.5184 376832
12.532 378880
12.5457 380928
12.5593 382976
12.573 385024
12.5866 387072
12.6003 389120
12.6139 391168
12.6276 393216
12.6412 395264
12.6549 397312
12.6686 399360
12.6822 401408
12.6959 403456
12.7095 405504
12.7232 407552
12.7368 409600
12.7505 411648
12.7641 413696
12.7778 415744
12.7914 417792
12.8051 419840
12.8187 421888
12.8324 423936
12.846 425984
12.8597 428032
12.8734 430080
12.887 432128
12.9007 434176
12.9143 436224
12.928 438272
12.9416 440320
12.9553 442368
12.9689 444416
12.9826 446464
12.9962 448512
13.0099 450560
13.0235 452608
13.0372 454656
13.0508 456704
13.0645 458752
13.0782 460800
13.0918 462848
13.1055 464896
13.1191 466944
13.1328 468992
13.1464 471040
13.1601 473088
13.1737 475136
13.1874 477184
13.201 479232
13.2147 481280
13.2283 483328
13.242 485376
13.2556 487424
13.2693 489472
13.283 491520
13.2966 493568
13.3103 495616
13.3239 497664
13.3376 499712
13.3512 501760
13.3649 503808
13.3785 505856
13.3922 507904
13.4058 509952
13.4195 512000
13.4331 514048
13.4468 516096
13.4605 518144
13.4741 520192
13.4878 522240
13.5014 524288
13.5151 526336
13.5287 528384
13.5424 530432
13.556 532480
13.5697 534528
13.5833 536576
13.597 538624
13.6106 540672
13.6243 542720
13.6379 544768
13.6516 546816
13.6652 548864
13.6789 550912
13.6926 552960
13.7062 555008
13.7199 557056
13.7335 559104
13.7472 561152
13.7608 563200
13.7745 565248
13.7881 567296
13.8018 569344
13.8154 571392
13.8291 573440
13.8427 575488
13.8564 577536
13.87 579584
13.8837 581632
13.8974 583680
13.911 585728
13.9247 587776
13.9383 589824
13.952 591872
13.9656 593920
13.9793 595968
13.9929 598016
14.0066 600064
14.0202 602112
14.0339 604160
14.0475 606208
14.0612 608256
14.0749 610304
14.0885 612352
14.1022 614400
14.1158 616448
14.1295 618496
14.1431 620544
14.1568 622592
14.1704 624640
14.1841 626688
14.1977 628736
14.2114 630784
14.225 632832
14.2387 634880
14.2523 636928
14.266 638976
14.2796 641024
14.2933 643072
14.307 645120
14.3206 647168
14.3343 649216
14.3479 651264
14.3616 653312
14.3752 655360
14.3889 657408
14.4025 659456
14.4162 661504
14.4298 663552
14.4435 665600
14.4571 667648
14.4708 669696
14.4844 671744
14.4981 673792
14.5118 675840
14.5254 677888
14.5391 679936
14.5527 681984
14.5664 684032
14.58 686080
14.5937 688128
14.6073 690176
14.621 692224
14.6346 694272
14.6483 696320
14.6619 698368
14.6756 700416
14.6892 702464
14.7029 704512
14.7166 706560
14.7302 708608
14.7439 710656
14.7575 712704
14.7712 714752
14.7848 716800
14.7985 718848
14.8121 720896
14.8258 722944
14.8394 724992
14.8531 727040
14.8667 729088
14.8804 731136
14.894 733184
14.9077 735232
14.9214 737280
14.935 739328
14.9487 741376
14.9623 743424
14.976 745472
14.9896 747520
15.0033 749568
15.0169 751616
15.0306 753664
15.0442 755712
15.0579 757760
15.0715 759808
15.0852 761856
15.0988 763904
15.1125 765952
15.1262 768000
15.1398 770048
15.1535 772096
15.1671 774144
15.1808 776192
15.1944 778240
15.2081 780288
15.2217 782336
15.2354 784384
15.249 786432
15.2627 788480
15.2763 790528
15.29 792576
15.3036 794624
15.3173 796672
15.331 798720
15.3446 800768
15.3583 802816
15.3719 804864
15.3856 806912
15.3992 808960
15.4129 811008
15.4265 813056
15.4402 815104
15.4538 817152
15.4675 819200
15.4811 821248
15.4948 823296
15.5084 825344
15.5221 827392
15.5358 829440
15.5494 831488
15.5631 833536
15.5767 835584
15.5904 837632
15.604 839680
15.6177 841728
15.6313 843776
15.645 845824
15.6586 847872
15.6723 849920
15.6859 851968
15.6996 854016
15.7132 856064
15.7269 858112
15.7406 860160
15.7542 862208
15.7679 864256
15.7815 866304
15.7952 868352
15.8088 870400
15.8225 872448
15.8361 874496
15.8498 876544
15.8634 878592
15.8771 880640
15.8907 882688
15.9044 884736
15.918 886784
15.9317 888832
15.9454 890880
15.959 892928
15.9727 894976
15.9863 897024
16 899072
16.0136 901120
16.0273 903168
16.0409 905216
16.0546 907264
16.0682 909312
16.0819 911360
16.0955 913408
16.1092 915456
16.1228 917504
16.1365 919552
16.1502 921600
16.1638 923648
16.1775 925696
16.1911 927744
16.2048 929792
16.2184 931840
16.2321 933888
16.2457 935936
16.2594 937984
16.273 940032
16.2867 942080
16.3003 944128
16.314 946176
16.3276 948224
16.3413 950272
16.355 952320
16.3686 954368
16.3823 956416
16.3959 958464
16.4096 960512
16.4232 962560
16.4369 964608
16.4505 966656
16.4642 968704
16.4778 970752
16.4915 972800
16.5051 974848
16.5188 976896
16.5324 978944
16.5461 980992
16.5598 983040
16.5734 985088
16.5871 987136
16.6007 989184
16.6144 991232
16.628 993280
16.6417 995328
16.6553 997376
16.669 999424
16.6826 999424
16.6963 999424
16.7099 999424
16.7236 999424
16.7372 999424
16.7509 999424
16.7646 999424
16.7782 999424
16.7919 999424
16.8055 999424
16.8192 999424
16.8328 999424
16.8465 999424
16.8601 999424
16.8738 999424
16.8874 999424
16.9011 999424
16.9147 999424
16.9284 999424
16.942 999424
16.9557 999424
16.9694 999424
16.983 999424
16.9967 999424
17.0103 999424
17.024 999424
17.0376 999424
17.0513 999424
17.0649 999424
17.0786 999424
17.0922 999424
17.1059 999424
17.1195 999424
17.1332 999424
17.1468 999424
17.1605 999424
17.1742 999424
17.1878 999424
17.2015 999424
17.2151 999424
17.2288 999424
17.2424 999424
17.2561 999424
17.2697 999424
17.2834 999424
17.297 999424
17.3107 999424
17.3243 999424
17.338 999424
17.3516 999424
17.3653 999424
17.379 999424
17.3926 999424
17.4063 999424
17.4199 999424
17.4336 999424
17.4472 999424
17.4609 999424
17.4745 999424
17.4882 999424
17.5018 999424
17.5155 999424
17.5291 999424
17.5428 999424
17.5564 999424
17.5701 999424
17.5838 999424
17.5974 999424
17.6111 999424
17.6247 999424
17.6384 999424
17.652 999424
17.6657 999424
17.6793 999424
17.693 999424
17.7066 999424
17.7203 999424
17.7339 999424
17.7476 999424
17.7612 999424
17.7749 999424
17.7886 999424
17.8022 999424
17.8159 999424
17.8295 999424
17.8432 999424
17.8568 999424
17.8705 999424
17.8841 999424
17.8978 999424
17.9114 999424
17.9251 999424
17.9387 999424
17.9524 999424
17.966 999424
17.9797 999424
17.9934 999424
18.007 999424
18.0207 999424
18.0343 999424
18.048 999424
18.0616 999424
18.0753 999424
18.0889 999424
18.1026 999424
18.1162 999424
18.1299 999424
18.1435 999424
18.1572 999424
18.1708 999424
18.1845 999424
18.1982 999424
18.2118 999424
18.2255 999424
18.2391 999424
18.2528 999424
18.2664 999424
18.2801 999424
18.2937 999424
18.3074 999424
18.321 999424
18.3347 999424
18.3483 999424
18.362 999424
18.3756 999424
18.3893 999424
18.403 999424
18.4166 999424
18.4303 999424
18.4439 999424
18.4576 999424
18.4712 999424
18.4849 999424
18.4985 999424
18.5122 999424
18.5258 999424
18.5395 999424
18.5531 999424
18.5668 999424
18.5804 999424
18.5941 999424
18.6078 999424
18.6214 999424
18.6351 999424
18.6487 999424
18.6624 999424
18.676 999424
18.6897 999424
18.7033 999424
18.717 999424
18.7306 999424
18.7443 999424
18.7579 999424
18.7716 999424
18.7852 999424
18.7989 999424
18.8126 999424
18.8262 999424
18.8399 999424
18.8535 999424
18.8672 999424
18.8808 999424
18.8945 999424
18.9081 999424
18.9218 999424
18.9354 999424
18.9491 999424
18.9627 999424
18.9764 999424
18.99 999424
19.0037 999424
19.0174 999424
19.031 999424
19.0447 999424
19.0583 999424
19.072 999424
19.0856 999424
19.0993 999424
19.1129 999424
19.1266 999424
19.1402 999424
19.1539 999424
19.1675 999424
19.1812 999424
19.1948 999424
19.2085 999424
19.2222 999424
19.2358 999424
19.2495 999424
19.2631 999424
19.2768 999424
19.2904 999424
19.3041 999424
19.3177 999424
19.3314 999424
19.345 999424
19.3587 999424
19.3723 999424
19.386 999424
19.3996 999424
19.4133 999424
19.427 999424
19.4406 999424
19.4543 999424
19.4679 999424
19.4816 999424
19.4952 999424
19.5089 999424
19.5225 999424
19.5362 999424
19.5498 999424
19.5635 999424
19.5771 999424
19.5908 999424
19.6045 999424
19.6181 999424
19.6318 999424
19.6454 999424
19.6591 999424
19.6727 999424
19.6864 999424
19.7 999424
19.7137 999424
19.7273 999424
19.741 999424
19.7546 999424
19.7683 999424
19.7819 999424
19.7956 999424
19.8092 999424
19.8229 999424
19.8366 999424
19.8502 999424
19.8639 999424
19.8775 999424
19.8912 999424
19.9048 999424
19.9185 999424
19.9321 999424
19.9458 999424
19.9594 999424
19.9731 999424
19.9867 999424
20.0004 999424
20.0141 999424
20.0277 999424
20.0414 999424
20.055 999424
20.0687 999424
20.0823 999424
20.096 999424
20.1096 999424
20.1233 999424
20.1369 999424
20.1506 999424
20.1642 999424
20.1779 999424
20.1915 999424
20.2052 999424
20.2188 999424
20.2325 999424
20.2462 999424
20.2598 999424
20.2735 999424
20.2871 999424
20.3008 999424
20.3144 999424
20.3281 999424
20.3417 999424
20.3554 999424
20.369 999424
20.3827 999424
20.3963 999424
20.41 999424
20.4236 999424
20.4373 999424
20.451 999424
20.4646 999424
20.4783 999424
20.4919 999424
20.5056 999424
20.5192 999424
20.5329 999424
20.5465 999424
20.5602 999424
20.5738 999424
20.5875 999424
20.6011 999424
20.6148 999424
20.6285 999424
20.6421 999424
20.6558 999424
20.6694 999424
20.6831 999424
20.6967 999424
20.7104 999424
20.724 999424
20.7377 999424
20.7513 999424
20.765 999424
20.7786 999424
20.7923 999424
20.8059 999424
20.8196 999424
20.8333 999424
20.8469 999424
20.8606 999424
20.8742 999424
20.8879 999424
20.9015 999424
20.9152 999424
20.9288 999424
20.9425 999424
20.9561 999424
20.9698 999424
20.9834 999424
20.9971 999424
21.0107 999424
21.0244 999424
21.038 999424
21.0517 999424
21.0654 999424
21.079 999424
21.0927 999424
21.1063 999424
21.12 999424
21.1336 999424
21.1473 999424
21.1609 999424
21.1746 999424
21.1882 999424
21.2019 999424
21.2155 999424
21.2292 999424
21.2429 999424
21.2565 999424
21.2702 999424
21.2838 999424
21.2975 999424
21.3111 999424
21.3248 999424
21.3384 999424
21.3521 999424
21.3657 999424
21.3794 999424
21.393 999424
21.4067 999424
21.4203 999424
21.434 999424
21.4476 999424
21.4613 999424
21.475 999424
21.4886 999424
21.5023 999424
21.5159 999424
21.5296 999424
21.5432 999424
21.5569 999424
21.5705 999424
21.5842 999424
21.5978 999424
21.6115 999424
21.6251 999424
21.6388 999424
21.6524 999424
21.6661 999424
21.6798 999424
21.6934 999424
21.7071 999424
21.7207 999424
21.7344 999424
21.748 999424
21.7617 999424
21.7753 999424
21.789 999424
21.8026 999424
21.8163 999424
21.8299 999424
21.8436 999424
21.8572 999424
21.8709 999424
21.8846 999424
21.8982 999424
21.9119 999424
21.9255 999424
21.9392 999424
21.9528 999424
21.9665 999424
21.9801 999424
21.9938 999424
22.0074 999424
22.0211 999424
22.0347 999424
22.0484 999424
22.062 999424
22.0757 999424
22.0894 999424
22.103 999424
22.1167 999424
22.1303 999424
22.144 999424
22.1576 999424
22.1713 999424
22.1849 999424
22.1986 999424
22.2122 999424
22.2259 999424
22.2395 999424
22.2532 999424
22.2668 999424
22.2805 999424
22.2942 999424
22.3078 999424
22.3215 999424
22.3351 999424
22.3488 999424
22.3624 999424
22.3761 999424
22.3897 999424
22.4034 999424
22.417 999424
22.4307 999424
22.4443 999424
22.458 999424
22.4716 999424
22.4853 999424
22.499 999424
22.5126 999424
22.5263 999424
22.5399 999424
22.5536 999424
22.5672 999424
22.5809 999424
22.5945 999424
22.6082 999424
22.6218 999424
22.6355 999424
22.6491 999424
22.6628 999424
22.6764 999424
22.6901 999424
22.7038 999424
22.7174 999424
22.7311 999424
22.7447 999424
22.7584 999424
22.772 999424
22.7857 999424
22.7993 999424
22.813 999424
22.8266 999424
22.8403 999424
22.8539 999424
22.8676 999424
22.8812 999424
22.8949 999424
22.9086 999424
22.9222 999424
22.9359 999424
22.9495 999424
22.9632 999424
22.9768 999424
22.9905 999424
23.0041 999424
23.0178 999424
23.0314 999424
23.0451 999424
23.0587 999424
23.0724 999424
23.086 999424
23.0997 999424
23.1134 999424
23.127 999424
23.1407 999424
23.1543 999424
23.168 999424
23.1816 999424
23.1953 999424
23.2089 999424
23.2226 999424
23.2362 999424
23.2499 999424
23.2635 999424
23.2772 999424
23.2908 999424
23.3045 999424
23.3182 999424
23.3318 999424
23.3455 999424
23.3591 999424
23.3728 999424
23.3864 999424
23.4001 999424
23.4137 999424
23.4274 999424
23.441 999424
23.4547 999424
23.4683 999424
23.482 999424
23.4956 999424
23.5093 999424
23.523 999424
23.5366 999424
23.5503 999424
23.5639 999424
23.5776 999424
23.5912 999424
23.6049 999424
23.6185 999424
23.6322 999424
23.6458 999424
23.6595 999424
23.6731 999424
23.6868 999424
23.7004 999424
23.7141 999424
23.7278 999424
23.7414 999424
23.7551 999424
23.7687 999424
23.7824 999424
23.796 999424
23.8097 999424
23.8233 999424
23.837 999424
23.8506 999424
23.8643 999424
23.8779 999424
23.8916 999424
23.9052 999424
23.9189 999424
23.9326 999424
23.9462 999424
23.9599 999424
23.9735 999424
23.9872 999424
24.0008 999424
24.0145 999424
24.0281 999424
24.0418 999424
24.0554 999424
24.0691 999424
24.0827 999424
24.0964 999424
24.11 999424
24.1237 999424
24.1374 999424
24.151 999424
24.1647 999424
24.1783 999424
24.192 999424
24.2056 999424
24.2193 999424
24.2329 999424
24.2466 999424
24.2602 999424
24.2739 999424
24.2875 999424
24.3012 999424
24.3148 999424
24.3285 999424
24.3422 999424
24.3558 999424
24.3695 999424
24.3831 999424
24.3968 999424
24.4104 999424
24.4241 999424
24.4377 999424
24.4514 999424
24.465 999424
24.4787 999424
24.4923 999424
24.506 999424
24.5196 999424
24.5333 999424
24.547 999424
24.5606 999424
24.5743 999424
24.5879 999424
24.6016 999424
24.6152 999424
24.6289 999424
24.6425 999424
24.6562 999424
24.6698 999424
24.6835 999424
24.6971 999424
24.7108 999424
24.7244 999424
24.7381 999424
24.7518 999424
24.7654 999424
24.7791 999424
24.7927 999424
24.8064 999424
24.82 999424
24.8337 999424
24.8473 999424
24.861 999424
24.8746 999424
24.8883 999424
24.9019 999424
24.9156 999424
24.9292 999424
24.9429 999424
24.9566 999424
24.9702 999424
24.9839 999424
24.9975 999424
25.0112 999424
25.0248 999424
25.0385 999424
25.0521 999424
25.0658 999424
25.0794 999424
25.0931 999424
25.1067 999424
25.1204 999424
25.134 999424
25.1477 999424
25.1614 999424
25.175 999424
25.1887 999424
25.2023 999424
25.216 999424
25.2296 999424
25.2433 999424
25.2569 999424
25.2706 999424
25.2842 999424
25.2979 999424
25.3115 999424
25.3252 999424
25.3388 999424
25.3525 999424
25.3662 999424
25.3798 999424
25.3935 999424
25.4071 999424
25.4208 999424
25.4344 999424
25.4481 999424
25.4617 999424
25.4754 999424
25.489 999424
25.5027 999424
25.5163 999424
25.53 999424
25.5436 999424
25.5573 999424
25.571 999424
25.5846 999424
25.5983 999424
25.6119 999424
25.6256 999424
25.6392 999424
25.6529 999424
25.6665 999424
25.6802 999424
25.6938 999424
25.7075 999424
25.7211 999424
25.7348 999424
25.7484 999424
25.7621 999424
25.7758 999424
25.7894 999424
25.8031 999424
25.8167 999424
25.8304 999424
25.844 999424
25.8577 999424
25.8713 999424
25.885 999424
25.8986 999424
25.9123 999424
25.9259 999424
25.9396 999424
25.9532 999424
25.9669 999424
25.9806 999424
25.9942 999424
26.0079 999424
26.0215 999424
26.0352 999424
26.0488 999424
26.0625 999424
26.0761 999424
26.0898 999424
26.1034 999424
26.1171 999424
26.1307 999424
26.1444 999424
26.158 999424
26.1717 999424
26.1854 999424
26.199 999424
26.2127 999424
26.2263 999424
26.24 999424
26.2536 999424
26.2673 999424
26.2809 999424
26.2946 999424
26.3082 999424
26.3219 999424
26.3355 999424
26.3492 999424
26.3628 999424
26.3765 999424
26.3902 999424
26.4038 999424
26.4175 999424
26.4311 999424
26.4448 999424
26.4584 999424
26.4721 999424
26.4857 999424
26.4994 999424
26.513 999424
26.5267 999424
26.5403 999424
26.554 999424
26.5676 999424
26.5813 999424
26.595 999424
26.6086 999424
26.6223 999424
26.6359 999424
26.6496 999424
26.6632 999424
26.6769 999424
26.6905 999424
26.7042 999424
26.7178 999424
26.7315 999424
26.7451 999424
26.7588 999424
26.7724 999424
26.7861 999424
26.7998 999424
26.8134 999424
26.8271 999424
26.8407 999424
26.8544 999424
26.868 999424
26.8817 999424
26.8953 999424
26.909 999424
26.9226 999424
26.9363 999424
26.9499 999424
26.9636 999424
26.9772 999424
26.9909 999424
27.0046 999424
27.0182 999424
27.0319 999424
27.0455 999424
27.0592 999424
27.0728 999424
27.0865 999424
27.1001 999424
27.1138 999424
27.1274 999424
27.1411 999424
27.1547 999424
27.1684 999424
27.182 999424
27.1957 999424
27.2094 999424
27.223 999424
27.2367 999424
27.2503 999424
27.264 999424
27.2776 999424
27.2913 999424
27.3049 999424
27.3186 999424
27.3322 999424
27.3459 999424
27.3595 999424
27.3732 999424
27.3868 999424
27.4005 999424
27.4142 999424
27.4278 999424
27.4415 999424
27.4551 999424
27.4688 999424
27.4824 999424
27.4961 999424
27.5097 999424
27.5234 999424
27.537 999424
27.5507 999424
27.5643 999424
27.578 999424
27.5916 999424
27.6053 999424
27.619 999424
27.6326 999424
27.6463 999424
27.6599 999424
27.6736 999424
27.6872 999424
27.7009 999424
27.7145 999424
27.7282 999424
27.7418 999424
27.7555 999424
27.7691 999424
27.7828 999424
27.7964 999424
27.8101 999424
27.8238 999424
27.8374 999424
27.8511 999424
27.8647 999424
27.8784 999424
27.892 999424
27.9057 999424
27.9193 999424
27.933 999424
27.9466 999424
27.9603 999424
27.9739 999424
27.9876 999424
28.0013 999424
28.0149 999424
28.0286 999424
28.0422 999424
28.0559 999424
28.0695 999424
28.0832 999424
28.0968 999424
28.1105 999424
28.1241 999424
28.1378 999424
28.1514 999424
28.1651 999424
28.1787 999424
28.1924 999424
28.206 999424
28.2197 999424
28.2334 999424
28.247 999424
28.2607 999424
28.2743 999424
28.288 999424
28.3016 999424
28.3153 999424
28.3289 999424
28.3426 999424
28.3562 999424
28.3699 999424
28.3835 999424
28.3972 999424
28.4109 999424
28.4245 999424
28.4382 999424
28.4518 999424
28.4655 999424
28.4791 999424
28.4928 999424
28.5064 999424
28.5201 999424
28.5337 999424
28.5474 999424
28.561 999424
28.5747 999424
28.5883 999424
28.602 999424
28.6156 999424
28.6293 999424
28.643 999424
28.6566 999424
28.6703 999424
28.6839 999424
28.6976 999424
28.7112 999424
28.7249 999424
28.7385 999424
28.7522 999424
28.7658 999424
28.7795 999424
28.7931 999424
28.8068 999424
28.8204 999424
28.8341 999424
28.8478 999424
28.8614 999424
28.8751 999424
28.8887 999424
28.9024 999424
28.916 999424
28.9297 999424
28.9433 999424
28.957 999424
28.9706 999424
28.9843 999424
28.9979 999424
29.0116 999424
29.0252 999424
29.0389 999424
29.0526 999424
29.0662 999424
29.0799 999424
29.0935 999424
29.1072 999424
29.1208 999424
29.1345 999424
29.1481 999424
29.1618 999424
29.1754 999424
29.1891 999424
29.2027 999424
29.2164 999424
29.23 999424
29.2437 999424
29.2574 999424
29.271 999424
29.2847 999424
29.2983 999424
29.312 999424
29.3256 999424
29.3393 999424
29.3529 999424
29.3666 999424
29.3802 999424
29.3939 999424
29.4075 999424
29.4212 999424
29.4348 999424
29.4485 999424
29.4622 999424
29.4758 999424
29.4895 999424
29.5031 999424
29.5168 999424
29.5304 999424
29.5441 999424
29.5577 999424
29.5714 999424
29.585 999424
29.5987 999424
29.6123 999424
29.626 999424
29.6396 999424
29.6533 999424
29.667 999424
29.6806 999424
29.6943 999424
29.7079 999424
29.7216 999424
29.7352 999424
29.7489 999424
29.7625 999424
29.7762 999424
29.7898 999424
29.8035 999424
29.8171 999424
29.8308 999424
29.8444 999424
29.8581 999424
29.8718 999424
29.8854 999424
29.8991 999424
29.9127 999424
29.9264 999424
29.94 999424
29.9537 999424
29.9673 999424
29.981 999424
29.9946 999424
30.0083 999424
30.0219 999424
30.0356 999424
30.0492 999424
30.0629 999424
30.0766 999424
30.0902 999424
30.1039 999424
30.1175 999424
30.1312 999424
30.1448 999424
30.1585 999424
30.1721 999424
30.1858 999424
30.1994 999424
30.2131 999424
30.2267 999424
30.2404 999424
30.254 999424
30.2677 999424
30.2814 999424
30.295 999424
30.3087 999424
30.3223 999424
30.336 999424
30.3496 999424
30.3633 999424
30.3769 999424
30.3906 999424
30.4042 999424
30.4179 999424
30.4315 999424
30.4452 999424
30.4588 999424
30.4725 999424
30.4862 999424
30.4998 999424
30.5135 999424
30.5271 999424
30.5408 999424
30.5544 999424
30.5681 999424
30.5817 999424
30.5954 999424
30.609 999424
30.6227 999424
30.6363 999424
30.65 999424
30.6636 999424
30.6773 999424
30.691 999424
30.7046 999424
30.7183 999424
30.7319 999424
30.7456 999424
30.7592 999424
30.7729 999424
30.7865 999424
30.8002 999424
30.8138 999424
30.8275 999424
30.8411 999424
30.8548 999424
30.8684 999424
30.8821 999424
30.8958 999424
30.9094 999424
30.9231 999424
30.9367 999424
30.9504 999424
30.964 999424
30.9777 999424
30.9913 999424
31.005 999424
31.0186 999424
31.0323 999424
31.0459 999424
31.0596 999424
31.0732 999424
31.0869 999424
31.1006 999424
31.1142 999424
31.1279 999424
31.1415 999424
31.1552 999424
31.1688 999424
31.1825 999424
31.1961 999424
31.2098 999424
31.2234 999424
31.2371 999424
31.2507 999424
31.2644 999424
31.278 999424
31.2917 999424
31.3054 999424
31.319 999424
31.3327 999424
31.3463 999424
31.36 999424
31.3736 999424
31.3873 999424
31.4009 999424
31.4146 999424
31.4282 999424
31.4419 999424
31.4555 999424
31.4692 999424
31.4828 999424
31.4965 999424
31.5102 999424
31.5238 999424
31.5375 999424
31.5511 999424
31.5648 999424
31.5784 999424
31.5921 999424
31.6057 999424
31.6194 999424
31.633 999424
31.6467 999424
31.6603 999424
31.674 999424
31.6876 999424
31.7013 999424
31.715 999424
31.7286 999424
31.7423 999424
31.7559 999424
31.7696 999424
31.7832 999424
31.7969 999424
31.8105 999424
31.8242 999424
31.8378 999424
31.8515 999424
31.8651 999424
31.8788 999424
31.8924 999424
31.9061 999424
31.9198 999424
31.9334 999424
31.9471 999424
31.9607 999424
31.9744 999424
31.988 999424
32.0017 999424
32.0153 999424
32.029 999424
32.0426 999424
32.0563 999424
32.0699 999424
32.0836 999424
32.0972 999424
32.1109 999424
32.1246 999424
32.1382 999424
32.1519 999424
32.1655 999424
32.1792 999424
32.1928 999424
32.2065 999424
32.2201 999424
32.2338 999424
32.2474 999424
32.2611 999424
32.2747 999424
32.2884 999424
32.302 999424
32.3157 999424
32.3294 999424
32.343 999424
32.3567 999424
32.3703 999424
32.384 999424
32.3976 999424
32.4113 999424
32.4249 999424
32.4386 999424
32.4522 999424
32.4659 999424
32.4795 999424
32.4932 999424
32.5068 999424
32.5205 999424
32.5342 999424
32.5478 999424
32.5615 999424
32.5751 999424
32.5888 999424
32.6024 999424
32.6161 999424
32.6297 999424
32.6434 999424
32.657 999424
32.6707 999424
32.6843 999424
32.698 999424
32.7117 999424
32.7253 999424
32.739 999424
32.7526 999424
32.7663 999424
32.7799 999424
32.7936 999424
32.8072 999424
32.8209 999424
32.8345 999424
32.8482 999424
32.8618 999424
32.8755 999424
32.8891 999424
32.9028 999424
32.9164 999424
32.9301 999424
32.9438 999424
32.9574 999424
32.9711 999424
32.9847 999424
32.9984 999424
33.012 999424
33.0257 999424
33.0393 999424
33.053 999424
33.0666 999424
33.0803 999424
33.0939 999424
33.1076 999424
33.1212 999424
33.1349 999424
33.1486 999424
33.1622 999424
33.1759 999424
33.1895 999424
33.2032 999424
33.2168 999424
33.2305 999424
33.2441 999424
33.2578 999424
33.2714 999424
33.2851 999424
33.2987 999424
33.3124 999424
33.326 999424
33.3397 999424
33.3534 999424
33.367 999424
33.3807 999424
33.3943 999424
33.408 999424
33.4216 999424
33.4353 999424
33.4489 999424
33.4626 999424
33.4656 1.00182e+06
33.4656 1.00422e+06
33.4656 1.00662e+06
33.4656 1.00902e+06
33.4656 1.01142e+06
33.4656 1.01382e+06
33.4656 1.01622e+06
33.4656 1.01862e+06
33.4656 1.02102e+06
33.4656 1.02342e+06
33.4656 1.02582e+06
33.4656 1.02822e+06
33.4656 1.03062e+06
33.4656 1.03302e+06
33.4656 1.03542e+06
33.4656 1.03629e+06
33.4656 1.03642e+06
33.4656 1.03654e+06
33.4656 1.03667e+06
33.4656 1.0368e+06
33.4656 1.03693e+06
33.4656 1.03706e+06
33.4656 1.03718e+06
33.4656 1.03731e+06
33.4656 1.03744e+06
33.4656 1.03757e+06
33.4656 1.0377e+06
33.4656 1.03782e+06
33.4656 1.03795e+06
33.4656 1.03808e+06
33.4656 1.03821e+06
33.4656 1.03834e+06
33.4658 1.04074e+06
33.4658 1.04314e+06
33.4658 1.04554e+06
33.4658 1.04794e+06
33.4658 1.05034e+06
33.4658 1.05274e+06
33.4658 1.05514e+06
33.4658 1.05754e+06
33.4658 1.05994e+06
33.4658 1.06234e+06
33.4658 1.06474e+06
33.4658 1.06714e+06
33.4658 1.06954e+06
33.4658 1.07194e+06
33.4658 1.07434e+06
33.4658 1.0752e+06
33.466 1.07533e+06
33.466 1.07546e+06
33.466 1.07558e+06
33.466 1.07571e+06
33.466 1.07584e+06
33.466 1.07597e+06
33.466 1.0761e+06
33.466 1.07622e+06
33.466 1.07635e+06
33.466 1.07648e+06
33.466 1.07661e+06
33.466 1.07674e+06
33.466 1.07686e+06
33.466 1.07699e+06
33.466 1.07712e+06
33.466 1.07725e+06
33.4762 1.07725e+06
33.4899 1.07725e+06
33.5035 1.07725e+06
33.5076 1.07485e+06
33.5076 1.07245e+06
33.5076 1.07005e+06
33.5076 1.06765e+06
33.5076 1.06525e+06
33.5076 1.06285e+06
33.5076 1.06045e+06
33.5076 1.05805e+06
33.5076 1.05565e+06
33.5076 1.05325e+06
33.5076 1.05085e+06
33.5076 1.04845e+06
33.5076 1.04605e+06
33.5076 1.04365e+06
33.5076 1.04125e+06
33.5077 1.04112e+06
33.5077 1.04099e+06
33.5077 1.04086e+06
33.5077 1.04074e+06
33.5077 1.04061e+06
33.5077 1.04048e+06
33.5077 1.04035e+06
33.5077 1.04022e+06
33.5077 1.0401e+06
33.5077 1.03997e+06
33.5077 1.03984e+06
33.5077 1.03971e+06
33.5077 1.03958e+06
33.5077 1.03946e+06
33.5077 1.03933e+06
33.5172 1.03933e+06
33.5308 1.03933e+06
33.5445 1.03933e+06
33.5582 1.03933e+06
33.5718 1.03933e+06
33.5855 1.03933e+06
33.5991 1.03933e+06
33.6128 1.03933e+06
33.6264 1.03933e+06
33.6401 1.03933e+06
33.6537 1.03933e+06
33.6674 1.03933e+06
33.681 1.03933e+06
33.6947 1.03933e+06
33.7083 1.03933e+06
33.722 1.03933e+06
33.7356 1.03933e+06
33.7493 1.03933e+06
33.763 1.03933e+06
33.7766 1.03933e+06
33.7903 1.03933e+06
33.8039 1.03933e+06
33.8176 1.03933e+06
33.8312 1.03933e+06
33.8449 1.03933e+06
33.8585 1.03933e+06
33.8722 1.03933e+06
33.8858 1.03933e+06
33.8995 1.03933e+06
33.9131 1.03933e+06
33.9268 1.03933e+06
33.9404 1.03933e+06
33.9541 1.03933e+06
33.9678 1.03933e+06
33.9814 1.03933e+06
33.9951 1.03933e+06
34.0087 1.03933e+06
34.0224 1.03933e+06
34.036 1.03933e+06
34.0497 1.03933e+06
34.0633 1.03933e+06
34.077 1.03933e+06
34.0906 1.03933e+06
34.1043 1.03933e+06
34.1179 1.03933e+06
34.1316 1.03933e+06
34.1452 1.03933e+06
34.1589 1.03933e+06
34.1726 1.03933e+06
34.1862 1.03933e+06
34.1999 1.03933e+06
34.2135 1.03933e+06
34.2272 1.03933e+06
34.2408 1.03933e+06
34.2545 1.03933e+06
34.2681 1.03933e+06
34.2818 1.03933e+06
34.2954 1.03933e+06
34.3091 1.03933e+06
34.3227 1.03933e+06
34.3364 1.03933e+06
34.35 1.03933e+06
34.3637 1.03933e+06
34.3774 1.03933e+06
34.391 1.03933e+06
34.4047 1.03933e+06
34.4183 1.03933e+06
34.432 1.03933e+06
34.4456 1.03933e+06
34.4593 1.03933e+06
34.4729 1.03933e+06
34.4866 1.03933e+06
34.5002 1.03933e+06
34.5139 1.03933e+06
34.5275 1.03933e+06
34.5412 1.03933e+06
34.5548 1.03933e+06
34.5685 1.03933e+06
34.5822 1.03933e+06
34.5958 1.03933e+06
34.6095 1.03933e+06
34.6231 1.03933e+06
34.6368 1.03933e+06
34.6504 1.03933e+06
34.6641 1.03933e+06
34.6777 1.03933e+06
34.6914 1.03933e+06
34.705 1.03933e+06
34.7187 1.03933e+06
34.7323 1.03933e+06
34.746 1.03933e+06
34.7596 1.03933e+06
34.7733 1.03933e+06
34.787 1.03933e+06
34.8006 1.03933e+06
34.8143 1.03933e+06
34.8279 1.03933e+06
34.8416 1.03933e+06
34.8552 1.03933e+06
34.8689 1.03933e+06
34.8825 1.03933e+06
34.8962 1.03933e+06
34.9098 1.03933e+06
34.9235 1.03933e+06
34.9371 1.03933e+06
34.9508 1.03933e+06
34.9644 1.03933e+06
34.9781 1.03933e+06
34.9918 1.03933e+06
35.0054 1.03933e+06
35.0191 1.03933e+06
35.0327 1.03933e+06
35.0464 1.03933e+06
35.06 1.03933e+06
35.0737 1.03933e+06
35.0873 1.03933e+06
35.101 1.03933e+06
35.1146 1.03933e+06
35.1283 1.03933e+06
35.1419 1.03933e+06
35.1556 1.03933e+06
35.1692 1.03933e+06
35.1829 1.03933e+06
35.1966 1.03933e+06
35.2102 1.03933e+06
35.2239 1.03933e+06
35.2375 1.03933e+06
35.2512 1.03933e+06
35.2648 1.03933e+06
35.2785 1.03933e+06
35.2921 1.03933e+06
35.3058 1.03933e+06
35.3194 1.03933e+06
35.3331 1.03933e+06
35.3467 1.03933e+06
35.3604 1.03933e+06
35.374 1.03933e+06
35.3877 1.03933e+06
35.4014 1.03933e+06
35.415 1.03933e+06
35.4287 1.03933e+06
35.4423 1.03933e+06
35.456 1.03933e+06
35.4696 1.03933e+06
35.4833 1.03933e+06
35.4969 1.03933e+06
35.5106 1.03933e+06
35.5242 1.03933e+06
35.5379 1.03933e+06
35.5515 1.03933e+06
35.5652 1.03933e+06
35.5788 1.03933e+06
35.5925 1.03933e+06
35.6062 1.03933e+06
35.6198 1.03933e+06
35.6335 1.03933e+06
35.6471 1.03933e+06
35.6608 1.03933e+06
35.6744 1.03933e+06
35.6881 1.03933e+06
35.7017 1.03933e+06
35.7154 1.03933e+06
35.729 1.03933e+06
35.7427 1.03933e+06
35.7563 1.03933e+06
35.77 1.03933e+06
35.7836 1.03933e+06
35.7973 1.03933e+06
35.811 1.03933e+06
35.8246 1.03933e+06
35.8383 1.03933e+06
35.8519 1.03933e+06
35.8656 1.03933e+06
35.8792 1.03933e+06
35.8929 1.03933e+06
35.9065 1.03933e+06
35.9202 1.03933e+06
35.9338 1.03933e+06
35.9475 1.03933e+06
35.9611 1.03933e+06
35.9748 1.03933e+06
35.9884 1.03933e+06
36.0021 1.03933e+06
36.0158 1.03933e+06
36.0294 1.03933e+06
36.0431 1.03933e+06
36.0567 1.03933e+06
36.0704 1.03933e+06
36.084 1.03933e+06
36.0977 1.03933e+06
36.1113 1.03933e+06
36.125 1.03933e+06
36.1386 1.03933e+06
36.1523 1.03933e+06
36.1659 1.03933e+06
36.1796 1.03933e+06
36.1932 1.03933e+06
36.2069 1.03933e+06
36.2206 1.03933e+06
36.2342 1.03933e+06
36.2479 1.03933e+06
36.2615 1.03933e+06
36.2752 1.03933e+06
36.2888 1.03933e+06
36.3025 1.03933e+06
36.3161 1.03933e+06
36.3298 1.03933e+06
36.3434 1.03933e+06
36.3571 1.03933e+06
36.3707 1.03933e+06
36.3844 1.03933e+06
36.398 1.03933e+06
36.4117 1.03933e+06
36.4254 1.03933e+06
36.439 1.03933e+06
36.4527 1.03933e+06
36.4663 1.03933e+06
36.48 1.03933e+06
36.4936 1.03933e+06
36.5073 1.03933e+06
36.5209 1.03933e+06
36.5346 1.03933e+06
36.5482 1.03933e+06
36.5619 1.03933e+06
36.5755 1.03933e+06
36.5892 1.03933e+06
36.6028 1.03933e+06
36.6165 1.03933e+06
36.6302 1.03933e+06
36.6438 1.03933e+06
36.6575 1.03933e+06
36.6711 1.03933e+06
36.6848 1.03933e+06
36.6984 1.03933e+06
36.7121 1.03933e+06
36.7257 1.03933e+06
36.7394 1.03933e+06
36.753 1.03933e+06
36.7667 1.03933e+06
36.7803 1.03933e+06
36.794 1.03933e+06
36.8076 1.03933e+06
36.8213 1.03933e+06
36.835 1.03933e+06
36.8486 1.03933e+06
36.8623 1.03933e+06
36.8759 1.03933e+06
36.8896 1.03933e+06
36.9032 1.03933e+06
36.9169 1.03933e+06
36.9305 1.03933e+06
36.9442 1.03933e+06
36.9578 1.03933e+06
36.9715 1.03933e+06
36.9851 1.03933e+06
36.9988 1.03933e+06
37.0124 1.03933e+06
37.0261 1.03933e+06
37.0398 1.03933e+06
37.0534 1.03933e+06
37.0671 1.03933e+06
37.0807 1.03933e+06
37.0944 1.03933e+06
37.108 1.03933e+06
37.1217 1.03933e+06
37.1353 1.03933e+06
37.149 1.03933e+06
37.1626 1.03933e+06
37.1763 1.03933e+06
37.1899 1.03933e+06
37.2036 1.03933e+06
37.2172 1.03933e+06
37.2309 1.03933e+06
37.2446 1.03933e+06
37.2582 1.03933e+06
37.2719 1.03933e+06
37.2855 1.03933e+06
37.2992 1.03933e+06
37.3128 1.03933e+06
37.3265 1.03933e+06
37.3401 1.03933e+06
37.3538 1.03933e+06
37.3674 1.03933e+06
37.3811 1.03933e+06
37.3947 1.03933e+06
37.4084 1.03933e+06
37.422 1.03933e+06
37.4357 1.03933e+06
37.4494 1.03933e+06
37.463 1.03933e+06
37.4767 1.03933e+06
37.4903 1.03933e+06
37.504 1.03933e+06
37.5176 1.03933e+06
37.5313 1.03933e+06
37.5449 1.03933e+06
37.5586 1.03933e+06
37.5722 1.03933e+06
37.5859 1.03933e+06
37.5995 1.03933e+06
37.6132 1.03933e+06
37.6268 1.03933e+06
37.6405 1.03933e+06
37.6542 1.03933e+06
37.6678 1.03933e+06
37.6815 1.03933e+06
37.6951 1.03933e+06
37.7088 1.03933e+06
37.7224 1.03933e+06
37.7361 1.03933e+06
37.7497 1.03933e+06
37.7634 1.03933e+06
37.777 1.03933e+06
37.7907 1.03933e+06
37.8043 1.03933e+06
37.818 1.03933e+06
37.8316 1.03933e+06
37.8453 1.03933e+06
37.859 1.03933e+06
37.8726 1.03933e+06
37.8863 1.03933e+06
37.8999 1.03933e+06
37.9136 1.03933e+06
37.9272 1.03933e+06
37.9409 1.03933e+06
37.9545 1.03933e+06
37.9682 1.03933e+06
37.9818 1.03933e+06
37.9955 1.03933e+06
38.0091 1.03933e+06
38.0228 1.03933e+06
38.0364 1.03933e+06
38.0501 1.03933e+06
38.0638 1.03933e+06
38.0774 1.03933e+06
38.0911 1.03933e+06
38.1047 1.03933e+06
38.1184 1.03933e+06
38.132 1.03933e+06
38.1457 1.03933e+06
38.1593 1.03933e+06
38.173 1.03933e+06
38.1866 1.03933e+06
38.2003 1.03933e+06
38.2139 1.03933e+06
38.2276 1.03933e+06
38.2412 1.03933e+06
38.2549 1.03933e+06
38.2686 1.03933e+06
38.2822 1.03933e+06
38.2959 1.03933e+06
38.3095 1.03933e+06
38.3232 1.03933e+06
38.3368 1.03933e+06
38.3505 1.03933e+06
38.3641 1.03933e+06
38.3778 1.03933e+06
38.3914 1.03933e+06
38.4051 1.03933e+06
38.4187 1.03933e+06
38.4324 1.03933e+06
38.446 1.03933e+06
38.4597 1.03933e+06
38.4734 1.03933e+06
38.487 1.03933e+06
38.5007 1.03933e+06
38.5143 1.03933e+06
38.528 1.03933e+06
38.5416 1.03933e+06
38.5553 1.03933e+06
38.5689 1.03933e+06
38.5826 1.03933e+06
38.5962 1.03933e+06
38.6099 1.03933e+06
38.6235 1.03933e+06
38.6372 1.03933e+06
38.6508 1.03933e+06
38.6645 1.03933e+06
38.6782 1.03933e+06
38.6918 1.03933e+06
38.7055 1.03933e+06
38.7191 1.03933e+06
38.7328 1.03933e+06
38.7464 1.03933e+06
38.7601 1.03933e+06
38.7737 1.03933e+06
38.7874 1.03933e+06
38.801 1.03933e+06
38.8147 1.03933e+06
38.8283 1.03933e+06
38.842 1.03933e+06
38.8556 1.03933e+06
38.8693 1.03933e+06
38.883 1.03933e+06
38.8966 1.03933e+06
38.9103 1.03933e+06
38.9239 1.03933e+06
38.9376 1.03933e+06
38.9512 1.03933e+06
38.9649 1.03933e+06
38.9785 1.03933e+06
38.9922 1.03933e+06
39.0058 1.03933e+06
39.0195 1.03933e+06
39.0331 1.03933e+06
39.0468 1.03933e+06
39.0604 1.03933e+06
39.0741 1.03933e+06
39.0878 1.03933e+06
39.1014 1.03933e+06
39.1151 1.03933e+06
39.1287 1.03933e+06
39.1424 1.03933e+06
39.156 1.03933e+06
39.1697 1.03933e+06
39.1833 1.03933e+06
39.197 1.03933e+06
39.2106 1.03933e+06
39.2243 1.03933e+06
39.2379 1.03933e+06
39.2516 1.03933e+06
39.2652 1.03933e+06
39.2789 1.03933e+06
39.2926 1.03933e+06
39.3062 1.03933e+06
39.3199 1.03933e+06
39.3335 1.03933e+06
39.3472 1.03933e+06
39.3608 1.03933e+06
39.3745 1.03933e+06
39.3881 1.03933e+06
39.4018 1.03933e+06
39.4154 1.03933e+06
39.4291 1.03933e+06
39.4427 1.03933e+06
39.4564 1.03933e+06
39.47 1.03933e+06
39.4837 1.03933e+06
39.4974 1.03933e+06
39.511 1.03933e+06
39.5247 1.03933e+06
39.5383 1.03933e+06
39.552 1.03933e+06
39.5656 1.03933e+06
39.5793 1.03933e+06
39.5929 1.03933e+06
39.6066 1.03933e+06
39.6202 1.03933e+06
39.6339 1.03933e+06
39.6475 1.03933e+06
39.6612 1.03933e+06
39.6748 1.03933e+06
39.6885 1.03933e+06
39.7022 1.03933e+06
39.7158 1.03933e+06
39.7295 1.03933e+06
39.7431 1.03933e+06
39.7568 1.03933e+06
39.7704 1.03933e+06
39.7841 1.03933e+06
39.7977 1.03933e+06
39.8114 1.03933e+06
39.825 1.03933e+06
39.8387 1.03933e+06
39.8523 1.03933e+06
39.866 1.03933e+06
39.8796 1.03933e+06
39.8933 1.03933e+06
39.907 1.03933e+06
39.9206 1.03933e+06
39.9343 1.03933e+06
39.9479 1.03933e+06
39.9616 1.03933e+06
39.9752 1.03933e+06
39.9889 1.03933e+06
40.0025 1.03933e+06
40.0162 1.03933e+06
40.0298 1.03933e+06
40.0435 1.03933e+06
40.0571 1.03933e+06
40.0708 1.03933e+06
40.0844 1.03933e+06
40.0981 1.03933e+06
40.1118 1.03933e+06
40.1254 1.03933e+06
40.1391 1.03933e+06
40.1527 1.03933e+06
40.1664 1.03933e+06
40.18 1.03933e+06
40.1937 1.03933e+06
40.2073 1.03933e+06
40.221 1.03933e+06
40.2346 1.03933e+06
40.2483 1.03933e+06
40.2619 1.03933e+06
40.2756 1.03933e+06
40.2893 1.03933e+06
40.3029 1.03933e+06
40.3166 1.03933e+06
40.3302 1.03933e+06
40.3439 1.03933e+06
40.3575 1.03933e+06
40.3712 1.03933e+06
40.3848 1.03933e+06
40.3985 1.03933e+06
40.4121 1.03933e+06
40.4258 1.03933e+06
40.4394 1.03933e+06
40.4531 1.03933e+06
40.4667 1.03933e+06
40.4804 1.03933e+06
40.494 1.03933e+06
40.5077 1.03933e+06
40.5214 1.03933e+06
40.535 1.03933e+06
40.5487 1.03933e+06
40.5623 1.03933e+06
40.576 1.03933e+06
40.5896 1.03933e+06
40.6033 1.03933e+06
40.6169 1.03933e+06
40.6306 1.03933e+06
40.6442 1.03933e+06
40.6579 1.03933e+06
40.6715 1.03933e+06
40.6852 1.03933e+06
40.6988 1.03933e+06
40.7125 1.03933e+06
40.7262 1.03933e+06
40.7398 1.03933e+06
40.7535 1.03933e+06
40.7671 1.03933e+06
40.7808 1.03933e+06
40.7944 1.03933e+06
40.8081 1.03933e+06
40.8217 1.03933e+06
40.8354 1.03933e+06
40.849 1.03933e+06
40.8627 1.03933e+06
40.8763 1.03933e+06
40.89 1.03933e+06
40.9036 1.03933e+06
40.9173 1.03933e+06
40.931 1.03933e+06
40.9446 1.03933e+06
40.9583 1.03933e+06
40.9719 1.03933e+06
40.9856 1.03933e+06
40.9992 1.03933e+06
41.0129 1.03933e+06
41.0265 1.03933e+06
41.0402 1.03933e+06
41.0538 1.03933e+06
41.0675 1.03933e+06
41.0811 1.03933e+06
41.0948 1.03933e+06
41.1084 1.03933e+06
41.1221 1.03933e+06
41.1358 1.03933e+06
41.1494 1.03933e+06
41.1631 1.03933e+06
41.1767 1.03933e+06
41.1904 1.03933e+06
41.204 1.03933e+06
41.2177 1.03933e+06
41.2313 1.03933e+06
41.245 1.03933e+06
41.2586 1.03933e+06
41.2723 1.03933e+06
41.2859 1.03933e+06
41.2996 1.03933e+06
41.3132 1.03933e+06
41.3269 1.03933e+06
41.3406 1.03933e+06
41.3542 1.03933e+06
41.3679 1.03933e+06
41.3815 1.03933e+06
41.3952 1.03933e+06
41.4088 1.03933e+06
41.4225 1.03933e+06
41.4361 1.03933e+06
41.4498 1.03933e+06
41.4634 1.03933e+06
41.4771 1.03933e+06
41.4907 1.03933e+06
41.5044 1.03933e+06
41.518 1.03933e+06
41.5317 1.03933e+06
41.5454 1.03933e+06
41.559 1.03933e+06
41.5727 1.03933e+06
41.5863 1.03933e+06
41.6 1.03933e+06
41.6136 1.03933e+06
41.6273 1.03933e+06
41.6409 1.03933e+06
41.6546 1.03933e+06
41.6682 1.03933e+06
41.6819 1.03933e+06
41.6955 1.03933e+06
41.7092 1.03933e+06
41.7229 1.03933e+06
41.7365 1.03933e+06
41.7502 1.03933e+06
41.7638 1.03933e+06
41.7775 1.03933e+06
41.7911 1.03933e+06
41.8048 1.03933e+06
41.8184 1.03933e+06
41.8321 1.03933e+06
41.8457 1.03933e+06
41.8594 1.03933e+06
41.873 1.03933e+06
41.8867 1.03933e+06
41.9003 1.03933e+06
41.914 1.03933e+06
41.9276 1.03933e+06
41.9413 1.03933e+06
41.955 1.03933e+06
41.9686 1.03933e+06
41.9823 1.03933e+06
41.9959 1.03933e+06
42.0096 1.03933e+06
42.0232 1.03933e+06
42.0369 1.03933e+06
42.0505 1.03933e+06
42.0642 1.03933e+06
42.0778 1.03933e+06
42.0915 1.03933e+06
42.1051 1.03933e+06
42.1188 1.03933e+06
42.1324 1.03933e+06
42.1461 1.03933e+06
42.1598 1.03933e+06
42.1734 1.03933e+06
42.1871 1.03933e+06
42.2007 1.03933e+06
42.2144 1.03933e+06
42.228 1.03933e+06
42.2417 1.03933e+06
42.2553 1.03933e+06
42.269 1.03933e+06
42.2826 1.03933e+06
42.2963 1.03933e+06
42.3099 1.03933e+06
42.3236 1.03933e+06
42.3372 1.03933e+06
42.3509 1.03933e+06
42.3646 1.03933e+06
42.3782 1.03933e+06
42.3919 1.03933e+06
42.4055 1.03933e+06
42.4192 1.03933e+06
42.4328 1.03933e+06
42.4465 1.03933e+06
42.4601 1.03933e+06
42.4738 1.03933e+06
42.4874 1.03933e+06
42.5011 1.03933e+06
42.5147 1.03933e+06
42.5284 1.03933e+06
42.542 1.03933e+06
42.5557 1.03933e+06
42.5694 1.03933e+06
42.583 1.03933e+06
42.5967 1.03933e+06
42.6103 1.03933e+06
42.624 1.03933e+06
42.6376 1.03933e+06
42.6513 1.03933e+06
42.6649 1.03933e+06
42.6786 1.03933e+06
42.6922 1.03933e+06
42.7059 1.03933e+06
42.7195 1.03933e+06
42.7332 1.03933e+06
42.7468 1.03933e+06
42.7605 1.03933e+06
42.7742 1.03933e+06
42.7878 1.03933e+06
42.8015 1.03933e+06
42.8151 1.03933e+06
42.8288 1.03933e+06
42.8424 1.03933e+06
42.8561 1.03933e+06
42.8697 1.03933e+06
42.8834 1.03933e+06
42.897 1.03933e+06
42.9107 1.03933e+06
42.9243 1.03933e+06
42.938 1.03933e+06
42.9517 1.03933e+06
42.9653 1.03933e+06
42.979 1.03933e+06
42.9926 1.03933e+06
43.0063 1.03933e+06
43.0199 1.03933e+06
43.0336 1.03933e+06
43.0472 1.03933e+06
43.0609 1.03933e+06
43.0745 1.03933e+06
43.0882 1.03933e+06
43.1018 1.03933e+06
43.1155 1.03933e+06
43.1291 1.03933e+06
43.1428 1.03933e+06
43.1564 1.03933e+06
43.1701 1.03933e+06
43.1838 1.03933e+06
43.1974 1.03933e+06
43.2111 1.03933e+06
43.2247 1.03933e+06
43.2384 1.03933e+06
43.252 1.03933e+06
43.2657 1.03933e+06
43.2793 1.03933e+06
43.293 1.03933e+06
43.3066 1.03933e+06
43.3203 1.03933e+06
43.3339 1.03933e+06
43.3476 1.03933e+06
43.3612 1.03933e+06
43.3749 1.03933e+06
43.3886 1.03933e+06
43.4022 1.03933e+06
43.4159 1.03933e+06
43.4295 1.03933e+06
43.4432 1.03933e+06
43.4568 1.03933e+06
43.4705 1.03933e+06
43.4841 1.03933e+06
43.4978 1.03933e+06
43.5114 1.03933e+06
43.5251 1.03933e+06
43.5387 1.03933e+06
43.5524 1.03933e+06
43.566 1.03933e+06
43.5797 1.03933e+06
43.5934 1.03933e+06
43.607 1.03933e+06
43.6207 1.03933e+06
43.6343 1.03933e+06
43.648 1.03933e+06
43.6616 1.03933e+06
43.6753 1.03933e+06
43.6889 1.03933e+06
43.7026 1.03933e+06
43.7162 1.03933e+06
43.7299 1.03933e+06
43.7435 1.03933e+06
43.7572 1.03933e+06
43.7708 1.03933e+06
43.7845 1.03933e+06
43.7982 1.03933e+06
43.8118 1.03933e+06
43.8255 1.03933e+06
43.8391 1.03933e+06
43.8528 1.03933e+06
43.8664 1.03933e+06
43.8801 1.03933e+06
43.8937 1.03933e+06
43.9074 1.03933e+06
43.921 1.03933e+06
43.9347 1.03933e+06
43.9483 1.03933e+06
43.962 1.03933e+06
43.9756 1.03933e+06
43.9893 1.03933e+06
44.003 1.03933e+06
44.0166 1.03933e+06
44.0303 1.03933e+06
44.0439 1.03933e+06
44.0576 1.03933e+06
44.0712 1.03933e+06
44.0849 1.03933e+06
44.0985 1.03933e+06
44.1122 1.03933e+06
44.1258 1.03933e+06
44.1395 1.03933e+06
44.1531 1.03933e+06
44.1668 1.03933e+06
44.1804 1.03933e+06
44.1941 1.03933e+06
44.2078 1.03933e+06
44.2214 1.03933e+06
44.2351 1.03933e+06
44.2487 1.03933e+06
44.2624 1.03933e+06
44.276 1.03933e+06
44.2897 1.03933e+06
44.3033 1.03933e+06
44.317 1.03933e+06
44.3306 1.03933e+06
44.3443 1.03933e+06
44.3579 1.03933e+06
44.3716 1.03933e+06
44.3853 1.03933e+06
44.3989 1.03933e+06
44.4126 1.03933e+06
44.4262 1.03933e+06
44.4399 1.03933e+06
44.4535 1.03933e+06
44.4672 1.03933e+06
44.4808 1.03933e+06
44.4945 1.03933e+06
44.5081 1.03933e+06
44.5218 1.03933e+06
44.5354 1.03933e+06
44.5491 1.03933e+06
44.5627 1.03933e+06
44.5764 1.03933e+06
44.59 1.03933e+06
44.6037 1.03933e+06
44.6174 1.03933e+06
44.631 1.03933e+06
44.6447 1.03933e+06
44.6583 1.03933e+06
44.672 1.03933e+06
44.6856 1.03933e+06
44.6993 1.03933e+06
44.7129 1.03933e+06
44.7266 1.03933e+06
44.7402 1.03933e+06
44.7539 1.03933e+06
44.7675 1.03933e+06
44.7812 1.03933e+06
44.7948 1.03933e+06
44.8085 1.03933e+06
44.8222 1.03933e+06
44.8358 1.03933e+06
44.8495 1.03933e+06
44.8631 1.03933e+06
44.8768 1.03933e+06
44.8904 1.03933e+06
44.9041 1.03933e+06
44.9177 1.03933e+06
44.9314 1.03933e+06
44.945 1.03933e+06
44.9587 1.03933e+06
44.9723 1.03933e+06
44.986 1.03933e+06
44.9996 1.03933e+06
45.0133 1.03933e+06
45.027 1.03933e+06
45.0406 1.03933e+06
45.0543 1.03933e+06
45.0679 1.03933e+06
45.0816 1.03933e+06
45.0952 1.03933e+06
45.1089 1.03933e+06
45.1225 1.03933e+06
45.1362 1.03933e+06
45.1498 1.03933e+06
45.1635 1.03933e+06
45.1771 1.03933e+06
45.1908 1.03933e+06
45.2044 1.03933e+06
45.2181 1.03933e+06
45.2318 1.03933e+06
45.2454 1.03933e+06
45.2591 1.03933e+06
45.2727 1.03933e+06
45.2864 1.03933e+06
45.3 1.03933e+06
45.3137 1.03933e+06
45.3273 1.03933e+06
45.341 1.03933e+06
45.3546 1.03933e+06
45.3683 1.03933e+06
45.3819 1.03933e+06
45.3956 1.03933e+06
45.4092 1.03933e+06
45.4229 1.03933e+06
45.4366 1.03933e+06
45.4502 1.03933e+06
45.4639 1.03933e+06
45.4775 1.03933e+06
45.4912 1.03933e+06
45.5048 1.03933e+06
45.5185 1.03933e+06
45.5321 1.03933e+06
45.5458 1.03933e+06
45.5594 1.03933e+06
45.5731 1.03933e+06
45.5867 1.03933e+06
45.6004 1.03933e+06
45.614 1.03933e+06
45.6277 1.03933e+06
45.6414 1.03933e+06
45.655 1.03933e+06
45.6687 1.03933e+06
45.6823 1.03933e+06
45.696 1.03933e+06
45.7096 1.03933e+06
45.7233 1.03933e+06
45.7369 1.03933e+06
45.7506 1.03933e+06
45.7642 1.03933e+06
45.7779 1.03933e+06
45.7915 1.03933e+06
45.8052 1.03933e+06
45.8188 1.03933e+06
45.8325 1.03933e+06
45.8462 1.03933e+06
45.8598 1.03933e+06
45.8735 1.03933e+06
45.8871 1.03933e+06
45.9008 1.03933e+06
45.9144 1.03933e+06
45.9281 1.03933e+06
45.9417 1.03933e+06
45.9554 1.03933e+06
45.969 1.03933e+06
45.9827 1.03933e+06
45.9963 1.03933e+06
46.01 1.03933e+06
46.0236 1.03933e+06
46.0373 1.03933e+06
46.051 1.03933e+06
46.0646 1.03933e+06
46.0783 1.03933e+06
46.0919 1.03933e+06
46.1056 1.03933e+06
46.1192 1.03933e+06
46.1329 1.03933e+06
46.1465 1.03933e+06
46.1602 1.03933e+06
46.1738 1.03933e+06
46.1875 1.03933e+06
46.2011 1.03933e+06
46.2148 1.03933e+06
46.2284 1.03933e+06
46.2421 1.03933e+06
46.2558 1.03933e+06
46.2694 1.03933e+06
46.2831 1.03933e+06
46.2967 1.03933e+06
46.3104 1.03933e+06
46.324 1.03933e+06
46.3377 1.03933e+06
46.3513 1.03933e+06
46.365 1.03933e+06
46.3786 1.03933e+06
46.3923 1.03933e+06
46.4059 1.03933e+06
46.4196 1.03933e+06
46.4332 1.03933e+06
46.4469 1.03933e+06
46.4606 1.03933e+06
46.4742 1.03933e+06
46.4879 1.03933e+06
46.5015 1.03933e+06
46.5152 1.03933e+06
46.5288 1.03933e+06
46.5425 1.03933e+06
46.5561 1.03933e+06
46.5698 1.03933e+06
46.5834 1.03933e+06
46.5971 1.03933e+06
46.6107 1.03933e+06
46.6244 1.03933e+06
46.638 1.03933e+06
46.6517 1.03933e+06
46.6654 1.03933e+06
46.679 1.03933e+06
46.6927 1.03933e+06
46.7063 1.03933e+06
46.72 1.03933e+06
46.7336 1.03933e+06
46.7473 1.03933e+06
46.7609 1.03933e+06
46.7746 1.03933e+06
46.7882 1.03933e+06
46.8019 1.03933e+06
46.8155 1.03933e+06
46.8292 1.03933e+06
46.8429 1.03933e+06
46.8565 1.03933e+06
46.8702 1.03933e+06
46.8838 1.03933e+06
46.8975 1.03933e+06
46.9111 1.03933e+06
46.9248 1.03933e+06
46.9384 1.03933e+06
46.9521 1.03933e+06
46.9657 1.03933e+06
46.9794 1.03933e+06
46.993 1.03933e+06
47.0067 1.03933e+06
47.0203 1.03933e+06
47.034 1.03933e+06
47.0476 1.03933e+06
47.0613 1.03933e+06
47.075 1.03933e+06
47.0886 1.03933e+06
47.1023 1.03933e+06
47.1159 1.03933e+06
47.1296 1.03933e+06
47.1432 1.03933e+06
47.1569 1.03933e+06
47.1705 1.03933e+06
47.1842 1.03933e+06
47.1978 1.03933e+06
47.2115 1.03933e+06
47.2251 1.03933e+06
47.2388 1.03933e+06
47.2524 1.03933e+06
47.2661 1.03933e+06
47.2798 1.03933e+06
47.2934 1.03933e+06
47.3071 1.03933e+06
47.3207 1.03933e+06
47.3344 1.03933e+06
47.348 1.03933e+06
47.3617 1.03933e+06
47.3753 1.03933e+06
47.389 1.03933e+06
47.4026 1.03933e+06
47.4163 1.03933e+06
47.4299 1.03933e+06
47.4436 1.03933e+06
47.4573 1.03933e+06
47.4709 1.03933e+06
47.4846 1.03933e+06
47.4982 1.03933e+06
47.5119 1.03933e+06
47.5255 1.03933e+06
47.5392 1.03933e+06
47.5528 1.03933e+06
47.5665 1.03933e+06
47.5801 1.03933e+06
47.5938 1.03933e+06
47.6074 1.03933e+06
47.6211 1.03933e+06
47.6347 1.03933e+06
47.6484 1.03933e+06
47.662 1.03933e+06
47.6757 1.03933e+06
47.6894 1.03933e+06
47.703 1.03933e+06
47.7167 1.03933e+06
47.7303 1.03933e+06
47.744 1.03933e+06
47.7576 1.03933e+06
47.7713 1.03933e+06
47.7849 1.03933e+06
47.7986 1.03933e+06
47.8122 1.03933e+06
47.8259 1.03933e+06
47.8395 1.03933e+06
47.8532 1.03933e+06
47.8668 1.03933e+06
47.8805 1.03933e+06
47.8942 1.03933e+06
47.9078 1.03933e+06
47.9215 1.03933e+06
47.9351 1.03933e+06
47.9488 1.03933e+06
47.9624 1.03933e+06
47.9761 1.03933e+06
47.9897 1.03933e+06
48.0034 1.03933e+06
48.017 1.03933e+06
48.0307 1.03933e+06
48.0443 1.03933e+06
48.058 1.03933e+06
48.0716 1.03933e+06
48.0853 1.03933e+06
48.099 1.03933e+06
48.1126 1.03933e+06
48.1263 1.03933e+06
48.1399 1.03933e+06
48.1536 1.03933e+06
48.1672 1.03933e+06
48.1809 1.03933e+06
48.1945 1.03933e+06
48.2082 1.03933e+06
48.2218 1.03933e+06
48.2355 1.03933e+06
48.2491 1.03933e+06
48.2628 1.03933e+06
48.2764 1.03933e+06
48.2901 1.03933e+06
48.3038 1.03933e+06
48.3174 1.03933e+06
48.3311 1.03933e+06
48.3447 1.03933e+06
48.3584 1.03933e+06
48.372 1.03933e+06
48.3857 1.03933e+06
48.3993 1.03933e+06
48.413 1.03933e+06
48.4266 1.03933e+06
48.4403 1.03933e+06
48.4539 1.03933e+06
48.4676 1.03933e+06
48.4812 1.03933e+06
48.4949 1.03933e+06
48.5086 1.03933e+06
48.5222 1.03933e+06
48.5359 1.03933e+06
48.5495 1.03933e+06
48.5632 1.03933e+06
48.5768 1.03933e+06
48.5905 1.03933e+06
48.6041 1.03933e+06
48.6178 1.03933e+06
48.6314 1.03933e+06
48.6451 1.03933e+06
48.6587 1.03933e+06
48.6724 1.03933e+06
48.686 1.03933e+06
48.6997 1.03933e+06
48.7134 1.03933e+06
48.727 1.03933e+06
48.7407 1.03933e+06
48.7543 1.03933e+06
48.768 1.03933e+06
48.7816 1.03933e+06
48.7953 1.03933e+06
48.8089 1.03933e+06
48.8226 1.03933e+06
48.8362 1.03933e+06
48.8499 1.03933e+06
48.8635 1.03933e+06
48.8772 1.03933e+06
48.8908 1.03933e+06
48.9045 1.03933e+06
48.9182 1.03933e+06
48.9318 1.03933e+06
48.9455 1.03933e+06
48.9591 1.03933e+06
48.9728 1.03933e+06
48.9864 1.03933e+06
49.0001 1.03933e+06
49.0137 1.03933e+06
49.0274 1.03933e+06
49.041 1.03933e+06
49.0547 1.03933e+06
49.0683 1.03933e+06
49.082 1.03933e+06
49.0956 1.03933e+06
49.1093 1.03933e+06
49.123 1.03933e+06
49.1366 1.03933e+06
49.1503 1.03933e+06
49.1639 1.03933e+06
49.1776 1.03933e+06
49.1912 1.03933e+06
49.2049 1.03933e+06
49.2185 1.03933e+06
49.2322 1.03933e+06
49.2458 1.03933e+06
49.2595 1.03933e+06
49.2731 1.03933e+06
49.2868 1.03933e+06
49.3004 1.03933e+06
49.3141 1.03933e+06
49.3278 1.03933e+06
49.3414 1.03933e+06
49.3551 1.03933e+06
49.3687 1.03933e+06
49.3824 1.03933e+06
49.396 1.03933e+06
49.4097 1.03933e+06
49.4233 1.03933e+06
49.437 1.03933e+06
49.4506 1.03933e+06
49.4643 1.03933e+06
49.4779 1.03933e+06
49.4916 1.03933e+06
49.5052 1.03933e+06
49.5189 1.03933e+06
49.5326 1.03933e+06
49.5462 1.03933e+06
49.5599 1.03933e+06
49.5735 1.03933e+06
49.5872 1.03933e+06
49.6008 1.03933e+06
49.6145 1.03933e+06
49.6281 1.03933e+06
49.6418 1.03933e+06
49.6554 1.03933e+06
49.6691 1.03933e+06
49.6827 1.03933e+06
49.6964 1.03933e+06
49.71 1.03933e+06
49.7237 1.03933e+06
49.7374 1.03933e+06
49.751 1.03933e+06
49.7647 1.03933e+06
49.7783 1.03933e+06
49.792 1.03933e+06
49.8056 1.03933e+06
49.8193 1.03933e+06
49.8329 1.03933e+06
49.8466 1.03933e+06
49.8602 1.03933e+06
49.8739 1.03933e+06
49.8875 1.03933e+06
49.9012 1.03933e+06
49.9148 1.03933e+06
49.9285 1.03933e+06
49.9422 1.03933e+06
49.9558 1.03933e+06
49.9695 1.03933e+06
49.9831 1.03933e+06
49.9968 1.03933e+06


0 100000
49.9968 100000


0 100000
1.66656 100000
3.33312 100000
4.99968 100000
6.66624 100000
8.33279 100000
9.99935 100000
11.6659 100000
13.3325 100000
14.999 100000
16.6656 100000
18.3321 100000
19.9987 100000
21.6653 100000
23.3318 100000
24.9984 100000
26.6649 100000
28.3315 100000
29.9981 100000
31.6646 100000
33.3312 100000
34.9977 100000
36.6643 100000
38.3309 100000
39.9974 100000
41.664 100000
43.3305 100000
44.9971 100000
46.6636 100000
48.3302 100000
49.9968 100000


0 1e+06
1.66656 1e+06
3.33312 1e+06
4.99968 1e+06
6.66624 1e+06
8.33279 1e+06
9.99935 1e+06
11.6659 1e+06
13.3325 1e+06
14.999 1e+06
16.6656 1e+06
18.3321 1e+06
19.9987 1e+06
21.6653 1e+06
23.3318 1e+06
24.9984 1e+06
26.6649 1e+06
28.3315 1e+06
29.9981 1e+06
31.6646 1e+06
33.3312 1e+06
34.9977 1e+06
36.6643 1e+06
38.3309 1e+06
39.9974 1e+06
41.664 1e+06
43.3305 1e+06
44.9971 1e+06
46.6636 1e+06
48.3302 1e+06
49.9968 1e+06


0 0
10.6752 0
10.6752 1e+06
49.9968 1e+06


0 0
10.6752 0
10.6752 0
49.9968 0


0 0
10.6752 0
10.6752 0
49.9968 0


0 1e+06
10.6752 1e+06
10.6752 0
49.9968 0


