02b06357-a318-40f2-8bcf-e579613b494f,868a26b8-1e7b-4218-b4d3-faa488bbd6cb,cc8cffaa-cf16-4152-af10-4d00cbb55d57
2,2,0
0,0,0
0,0,150000
0,0,552
0,0,1077248
0,0,30
0,0,37920
0,0,1951
0,0,1264
0,0,1000000
0,0,0
0,0,0
0,0,0
0,0,0
16,0,0
0,1,0
1,0,0
200000,200000,0
300,300,0
500000,500000,0
0,0,0
0,0,0
0,15,0
33,33,30
155,155,155
0,0,0
0,0,0
0,0,0
0,0,0
0,0,0
0,0,0
0,0,0
0,0,0
0,0,0
0,0,0
2730,0,0
2500,0,0
4,0,0
3,0,0
5539,0,0
21370,0,0
10,0,0
10,0,0
15,15,0
1920,36000,0
128,2400,0
0,0,0
0,0,0
0,0,0
0,0,0
